45
45
1 42 1 45 4
2 5 1 41 4
3 3 3 37 2
4 31 2 38 4
5 1 1 38 1
6 5 2 27 4
7 16 2 23 3
8 20 3 26 1
9 8 3 31 4
10 26 2 39 3
11 39 4 44 1
12 32 3 34 2
13 33 1 37 3
14 39 2 40 1
15 11 3 23 2
16 13 4 35 1
17 15 1 27 1
18 33 3 34 3
19 2 1 14 2
20 7 4 13 1
21 3 1 3 4
22 4 1 7 2
23 14 4 15 4
24 36 1 44 3
25 30 4 35 2
26 9 4 43 1
27 14 1 42 3
28 11 4 36 3
29 4 2 18 2
30 11 2 24 3
31 29 2 38 3
32 8 2 21 2
33 25 1 37 4
34 23 4 43 2
35 22 2 22 3
36 31 1 44 4
37 25 4 29 1
38 2 3 23 1
39 16 3 32 4
40 8 1 34 4
41 32 1 36 4
42 6 3 24 1
43 13 3 44 2
44 40 3 41 2
45 28 2 45 2
