90
90
1 42 1 90 4
2 5 1 86 4
3 37 2 48 3
4 76 2 83 4
5 38 1 46 1
6 27 4 50 2
7 16 2 23 3
8 26 1 65 3
9 8 3 76 4
10 26 2 84 3
11 44 1 84 4
12 34 2 77 3
13 78 1 82 3
14 65 2 82 2
15 69 2 87 1
16 31 2 85 1
17 40 1 84 2
18 11 3 68 2
19 35 1 58 4
20 27 1 60 1
21 33 3 34 3
22 14 2 47 1
23 7 4 58 1
24 48 1 48 4
25 4 1 7 2
26 4 3 53 3
27 59 4 60 4
28 28 2 31 4
29 36 1 44 3
30 30 4 80 2
31 36 2 68 3
32 9 4 43 1
33 59 1 87 3
34 36 3 56 4
35 49 2 63 2
36 11 2 24 3
37 38 3 74 2
38 8 2 66 2
39 37 4 70 1
40 43 2 68 4
41 33 1 46 2
42 22 2 22 3
43 76 1 89 4
44 25 4 29 1
45 2 3 68 1
46 5 4 89 1
47 2 4 52 2
48 69 1 83 3
49 16 3 77 4
50 34 4 53 1
51 77 1 81 4
52 3 4 28 4
53 6 3 24 1
54 28 1 59 2
55 13 3 44 2
56 40 3 86 2
57 45 2 73 2
58 11 1 37 3
59 62 4 73 4
60 17 3 61 4
61 5 3 89 2
62 48 2 69 4
63 22 1 31 3
64 53 2 85 3
65 16 4 79 4
66 14 3 46 3
67 62 3 75 2
68 41 4 80 1
69 49 3 61 2
70 52 1 76 3
71 38 4 54 4
72 39 4 54 3
73 21 2 43 3
74 10 1 15 1
75 39 3 90 2
76 45 3 88 2
77 53 4 54 1
78 25 2 79 1
79 38 2 80 3
80 17 1 51 4
81 42 2 87 2
82 44 4 72 3
83 5 2 62 2
84 7 1 84 1
85 64 3 65 1
86 29 2 87 4
87 71 3 75 3
88 78 3 90 1
89 17 2 20 1
90 12 2 30 3
