180
180
1 90 4 132 1
2 5 1 86 4
3 37 2 138 3
4 166 2 173 4
5 38 1 46 1
6 117 4 140 2
7 16 2 113 3
8 26 1 65 3
9 98 3 166 4
10 84 3 116 2
11 84 4 134 1
12 77 3 124 2
13 83 4 165 2
14 168 1 172 3
15 65 2 82 2
16 69 2 87 1
17 121 2 175 1
18 40 1 84 2
19 11 3 158 2
20 58 4 125 1
21 27 1 150 1
22 123 3 124 3
23 27 4 56 4
24 47 1 104 2
25 97 4 148 1
26 85 1 88 3
27 48 1 48 4
28 94 1 97 2
29 4 3 143 3
30 149 4 150 4
31 31 4 118 2
32 36 1 134 3
33 30 4 80 2
34 126 2 158 3
35 9 4 43 1
36 59 1 177 3
37 139 2 153 2
38 24 3 101 2
39 38 3 164 2
40 8 2 156 2
41 41 4 133 1
42 70 1 127 4
43 68 4 133 2
44 33 1 136 2
45 22 2 112 3
46 166 1 179 4
47 25 4 119 1
48 68 1 92 3
49 89 1 95 4
50 119 4 126 1
51 52 2 92 4
52 9 3 60 1
53 83 3 159 1
54 16 3 77 4
55 34 4 53 1
56 167 1 171 4
57 28 4 93 4
58 14 1 81 4
59 96 3 114 1
60 118 1 149 2
61 13 3 134 2
62 40 3 176 2
63 73 2 135 2
64 42 1 144 2
65 37 3 101 1
66 152 4 163 4
67 17 3 151 4
68 5 3 179 2
69 69 4 138 2
70 130 3 139 3
71 112 1 121 3
72 33 3 70 3
73 85 3 143 2
74 16 4 169 4
75 104 3 136 3
76 75 2 152 3
77 142 1 166 3
78 33 4 87 3
79 36 2 160 4
80 38 4 144 4
81 39 4 54 3
82 111 2 133 3
83 10 1 105 1
84 5 4 162 2
85 90 2 129 3
86 135 3 178 2
87 54 1 143 4
88 61 4 128 2
89 68 2 135 1
90 115 2 169 1
91 159 4 161 3
92 51 4 107 1
93 42 2 87 2
94 43 2 93 2
95 44 4 162 3
96 103 2 173 3
97 75 4 148 4
98 23 2 101 3
99 95 2 152 2
100 7 1 174 1
101 14 2 165 4
102 65 1 154 3
103 87 4 119 2
104 78 3 180 1
105 44 3 122 3
106 17 2 20 1
107 12 2 120 3
108 7 3 132 3
109 56 2 152 1
110 88 2 122 1
111 26 2 73 1
112 19 3 99 4
113 9 1 137 4
114 6 3 51 3
115 86 3 153 4
116 129 2 137 3
117 70 2 70 4
118 1 1 89 2
119 55 1 160 2
120 29 3 177 1
121 79 4 138 1
122 18 4 171 3
123 102 2 141 2
124 53 3 97 1
125 103 1 158 1
126 137 1 159 3
127 105 2 155 3
128 80 3 124 1
129 60 4 170 1
130 111 3 130 1
131 45 1 131 2
132 20 2 55 2
133 74 1 146 4
134 146 3 159 2
135 145 3 172 2
136 116 3 133 4
137 34 3 118 3
138 39 1 176 4
139 104 4 170 4
140 20 3 77 2
141 78 1 153 3
142 8 4 30 1
143 4 1 63 2
144 3 3 81 3
145 47 4 98 1
146 107 4 146 2
147 11 2 169 2
148 19 2 141 1
149 17 1 57 3
150 36 4 137 2
151 3 2 136 1
152 151 3 168 2
153 15 1 76 2
154 110 1 131 3
155 84 1 171 1
156 116 4 123 2
157 102 3 162 4
158 49 3 92 1
159 30 3 53 4
160 12 3 91 3
161 9 2 146 1
162 49 1 66 2
163 7 4 179 3
164 37 1 42 4
165 1 2 101 4
166 45 4 60 3
167 15 2 50 3
168 57 1 71 4
169 72 2 163 3
170 44 1 93 3
171 82 3 124 4
172 32 3 76 1
173 113 4 140 4
174 50 4 153 1
175 51 1 145 4
176 142 2 180 3
177 21 4 71 3
178 126 4 132 4
179 2 2 54 4
180 100 2 165 3
