360
360
1 270 4 312 1
2 86 4 185 1
3 37 2 318 3
4 166 2 353 4
5 38 1 46 1
6 117 4 320 2
7 196 2 293 3
8 26 1 65 3
9 166 4 278 3
10 84 3 116 2
11 134 1 264 4
12 77 3 124 2
13 83 4 165 2
14 168 1 352 3
15 65 2 262 2
16 87 1 249 2
17 91 3 348 1
18 121 2 175 1
19 84 2 220 1
20 11 3 158 2
21 58 4 305 1
22 207 1 330 1
23 123 3 124 3
24 207 4 236 4
25 47 1 284 2
26 97 4 328 1
27 88 3 265 1
28 48 1 48 4
29 40 1 113 2
30 94 1 277 2
31 264 2 329 3
32 143 3 184 3
33 149 4 330 4
34 211 4 298 2
35 216 1 314 3
36 30 4 80 2
37 126 2 158 3
38 125 3 314 1
39 9 4 223 1
40 239 1 357 3
41 36 3 56 4
42 319 2 333 2
43 204 3 281 2
44 38 3 164 2
45 8 2 156 2
46 41 4 313 1
47 127 4 250 1
48 68 4 133 2
49 33 1 316 2
50 22 2 112 3
51 179 4 346 1
52 205 4 299 1
53 68 1 272 3
54 269 1 275 4
55 299 4 306 1
56 232 2 272 4
57 9 3 240 1
58 83 3 159 1
59 196 3 257 4
60 53 1 214 4
61 167 1 171 4
62 28 4 93 4
63 194 1 261 4
64 96 3 294 1
65 118 1 149 2
66 13 3 134 2
67 40 3 176 2
68 253 2 315 2
69 222 1 324 2
70 37 3 101 1
71 163 4 332 4
72 151 4 197 3
73 5 3 359 2
74 138 2 249 4
75 139 3 310 3
76 292 1 301 3
77 282 1 346 4
78 33 3 250 3
79 41 1 139 2
80 34 1 359 4
81 85 3 323 2
82 16 4 169 4
83 284 3 316 3
84 75 2 332 3
85 108 1 218 3
86 241 2 319 3
87 102 2 226 1
88 142 1 166 3
89 33 4 87 3
90 73 4 346 2
91 36 2 160 4
92 38 4 324 4
93 54 3 219 4
94 111 2 133 3
95 10 1 105 1
96 162 2 185 4
97 90 2 129 3
98 315 3 358 2
99 89 1 231 2
100 143 4 234 1
101 104 3 203 4
102 241 4 308 2
103 68 2 135 1
104 169 1 295 2
105 70 1 241 1
106 178 2 345 4
107 16 3 345 1
108 128 2 170 3
109 159 4 341 3
110 107 1 231 4
111 222 2 267 2
112 43 2 93 2
113 36 1 283 2
114 44 4 162 3
115 103 2 173 3
116 148 4 255 4
117 101 3 203 2
118 95 2 332 2
119 187 1 354 1
120 245 1 334 3
121 119 2 267 4
122 161 3 255 3
123 258 3 360 1
124 224 3 302 3
125 197 2 200 1
126 12 2 300 3
127 7 3 132 3
128 322 1 323 1
129 56 2 332 1
130 88 2 302 1
131 26 2 73 1
132 99 4 199 3
133 189 1 317 4
134 6 3 51 3
135 86 3 333 4
136 137 3 309 2
137 70 2 250 4
138 1 1 269 2
139 55 1 340 2
140 29 3 177 1
141 79 4 138 1
142 18 4 351 3
143 161 2 253 1
144 223 2 250 2
145 93 1 148 1
146 97 1 233 3
147 103 1 338 1
148 317 1 339 3
149 155 3 285 2
150 260 3 304 1
151 60 4 350 1
152 130 3 164 1
153 111 3 130 1
154 153 4 322 3
155 16 1 217 2
156 131 2 225 1
157 278 1 331 4
158 20 2 235 2
159 254 1 326 4
160 146 3 159 2
161 145 3 172 2
162 133 4 296 3
163 34 3 298 3
164 281 3 312 3
165 176 4 219 1
166 104 4 350 4
167 20 3 77 2
168 39 4 266 4
169 78 1 333 3
170 30 1 188 4
171 49 3 210 4
172 65 1 72 1
173 4 1 243 2
174 209 3 299 3
175 16 2 115 1
176 301 2 327 4
177 183 3 261 3
178 44 2 281 1
179 146 2 287 4
180 77 1 260 2
181 191 2 349 2
182 19 2 321 1
183 337 3 346 3
184 57 3 197 1
185 106 4 283 1
186 7 1 218 1
187 216 4 317 2
188 271 1 307 4
189 144 1 349 1
190 234 3 311 1
191 160 2 275 1
192 188 1 245 2
193 3 2 316 1
194 151 3 348 2
195 119 4 120 1
196 15 1 76 2
197 131 3 290 1
198 84 1 351 1
199 122 3 298 1
200 116 4 123 2
201 162 4 282 3
202 4 4 166 1
203 30 3 233 4
204 178 1 329 2
205 9 2 146 1
206 66 2 229 1
207 187 4 359 3
208 9 1 256 2
209 129 2 171 1
210 217 1 222 4
211 48 2 265 3
212 101 4 181 2
213 247 3 342 2
214 40 4 270 2
215 257 3 278 4
216 60 3 225 4
217 195 2 230 3
218 57 1 71 4
219 163 3 252 2
220 224 1 273 3
221 124 4 262 3
222 76 1 212 3
223 206 2 230 1
224 279 3 291 2
225 140 4 293 4
226 153 1 230 4
227 145 4 231 1
228 90 4 359 1
229 142 2 180 3
230 150 2 263 3
231 121 1 343 3
232 157 3 189 4
233 248 1 354 4
234 274 2 325 4
235 71 3 201 4
236 306 4 312 4
237 2 2 54 4
238 235 4 339 2
239 165 3 280 2
240 244 2 251 2
241 113 1 340 3
242 121 4 129 4
243 62 2 98 2
244 6 4 67 3
245 232 1 318 4
246 2 4 319 1
247 246 2 289 2
248 60 2 179 3
249 75 1 259 3
250 210 1 233 2
251 5 1 193 4
252 125 2 133 1
253 14 4 223 4
254 72 3 215 3
255 24 3 232 3
256 242 4 271 4
257 135 2 229 2
258 39 3 55 4
259 150 1 200 4
260 286 1 341 2
261 220 4 347 2
262 182 4 336 1
263 272 2 288 2
264 47 3 204 4
265 29 2 181 4
266 5 4 80 3
267 12 3 288 1
268 27 2 122 2
269 147 2 175 3
270 192 4 347 3
271 59 3 342 3
272 107 2 239 4
273 72 4 334 1
274 193 1 326 3
275 109 2 353 2
276 12 1 228 3
277 151 2 294 3
278 1 2 228 1
279 219 2 347 4
280 27 3 112 1
281 188 2 266 3
282 49 2 313 4
283 110 2 353 1
284 171 2 237 4
285 86 1 293 1
286 125 4 243 3
287 115 3 186 1
288 71 1 94 4
289 74 1 337 2
290 78 4 200 2
291 184 1 315 4
292 98 4 246 4
293 108 4 309 1
294 217 4 242 1
295 35 4 198 2
296 260 1 334 2
297 147 1 213 1
298 248 4 258 4
299 150 4 202 2
300 92 1 247 1
301 107 4 227 4
302 224 2 344 1
303 22 1 284 1
304 169 3 187 2
305 86 2 237 1
306 31 1 127 1
307 199 1 208 1
308 172 3 192 3
309 55 3 126 1
310 75 3 119 3
311 67 2 282 4
312 175 2 196 4
313 131 4 227 1
314 79 1 345 3
315 144 4 147 4
316 23 3 263 1
317 134 3 263 4
318 356 1 360 4
319 52 4 120 2
320 149 3 238 4
321 31 3 43 3
322 47 2 343 1
323 271 2 343 2
324 50 3 92 4
325 213 3 303 1
326 108 3 160 3
327 280 3 331 1
328 71 2 88 1
329 270 1 353 3
330 78 2 259 4
331 132 4 136 2
332 116 1 352 2
333 85 2 269 3
334 111 1 265 2
335 15 2 174 3
336 212 4 336 4
337 173 2 337 1
338 135 4 211 1
339 110 4 141 4
340 248 2 299 2
341 192 1 356 2
342 62 3 302 2
343 180 2 242 2
344 15 4 98 1
345 61 2 216 2
346 41 2 267 1
347 57 4 145 1
348 39 1 54 2
349 141 1 186 2
350 129 1 229 3
351 83 2 327 2
352 320 4 349 4
353 236 3 268 3
354 155 1 220 3
355 32 3 194 3
356 172 4 266 1
357 19 4 168 3
358 1 3 249 1
359 99 1 154 3
360 274 1 297 2
