720
720
1 270 4 672 1
2 446 4 545 1
3 37 2 678 3
4 526 2 713 4
5 398 1 406 1
6 117 4 320 2
7 556 2 653 3
8 65 3 386 1
9 166 4 278 3
10 84 3 476 2
11 134 1 624 4
12 437 3 484 2
13 83 4 165 2
14 312 1 657 4
15 352 3 528 1
16 425 2 622 2
17 249 2 447 1
18 348 1 451 3
19 121 2 175 1
20 444 2 580 1
21 11 3 518 2
22 418 4 665 1
23 330 1 567 1
24 124 3 483 3
25 463 4 535 1
26 567 4 596 4
27 284 2 407 1
28 328 1 457 4
29 265 1 448 3
30 48 1 48 4
31 40 1 473 2
32 454 1 637 2
33 264 2 689 3
34 143 3 184 3
35 149 4 690 4
36 634 4 638 3
37 211 4 298 2
38 576 1 674 3
39 80 2 390 4
40 486 2 518 3
41 125 3 674 1
42 223 1 369 4
43 239 1 357 3
44 396 3 416 4
45 333 2 679 2
46 97 4 647 4
47 281 2 564 3
48 38 3 164 2
49 8 2 156 2
50 41 4 313 1
51 127 4 610 1
52 68 4 493 2
53 316 2 393 1
54 22 2 472 3
55 539 4 706 1
56 205 4 659 1
57 428 1 632 3
58 269 1 275 4
59 659 4 666 1
60 592 2 632 4
61 9 3 240 1
62 83 3 519 1
63 257 4 556 3
64 214 4 413 1
65 527 1 531 4
66 388 4 453 4
67 194 1 621 4
68 294 1 456 3
69 478 1 509 2
70 13 3 494 2
71 218 2 264 4
72 176 2 400 3
73 613 2 675 2
74 324 2 582 1
75 101 1 397 3
76 163 4 332 4
77 151 4 557 3
78 365 3 719 2
79 249 4 498 2
80 139 3 670 3
81 40 3 166 1
82 301 3 652 1
83 282 1 346 4
84 393 3 610 3
85 41 1 499 2
86 34 1 359 4
87 445 3 683 2
88 165 1 544 3
89 16 4 529 4
90 316 3 644 3
91 75 2 692 3
92 401 4 440 1
93 468 1 578 3
94 319 3 601 2
95 462 2 586 1
96 166 3 502 1
97 33 4 447 3
98 73 4 706 2
99 36 2 520 4
100 398 4 684 4
101 414 3 579 4
102 471 2 493 3
103 10 1 465 1
104 162 2 545 4
105 118 1 531 1
106 90 2 129 3
107 675 3 718 2
108 89 1 231 2
109 503 4 594 1
110 305 1 664 4
111 464 3 563 4
112 241 4 308 2
113 135 1 428 2
114 169 1 655 2
115 430 1 601 1
116 571 4 661 4
117 31 2 368 2
118 538 2 705 4
119 16 3 705 1
120 488 2 530 3
121 341 3 519 4
122 107 1 231 4
123 582 2 627 2
124 209 1 484 3
125 43 2 93 2
126 396 1 643 2
127 404 4 522 3
128 173 3 463 2
129 255 4 508 4
130 203 2 461 3
131 232 2 708 3
132 455 2 692 2
133 187 1 714 1
134 245 1 334 3
135 119 2 267 4
136 161 3 615 3
137 258 3 360 1
138 224 3 662 3
139 197 2 560 1
140 12 2 300 3
141 132 3 367 3
142 323 1 682 1
143 332 1 416 2
144 448 2 662 1
145 26 2 433 1
146 199 3 459 4
147 189 1 317 4
148 6 3 51 3
149 333 4 446 3
150 309 2 497 3
151 250 4 430 2
152 1 1 269 2
153 415 1 700 2
154 29 3 537 1
155 79 4 498 1
156 351 3 378 4
157 161 2 613 1
158 102 2 141 2
159 340 2 585 1
160 20 3 56 4
161 223 2 610 2
162 46 2 479 2
163 453 1 508 1
164 97 1 233 3
165 463 1 698 1
166 317 1 699 3
167 515 3 645 2
168 260 3 664 1
169 350 1 420 4
170 490 3 524 1
171 111 3 490 1
172 322 3 513 4
173 16 1 577 2
174 225 1 491 2
175 277 2 321 1
176 278 1 691 4
177 669 1 693 2
178 20 2 595 2
179 614 1 686 4
180 159 2 506 3
181 471 4 481 2
182 477 4 708 4
183 186 1 376 3
184 145 3 532 2
185 133 4 296 3
186 394 3 658 3
187 312 3 641 3
188 219 1 536 4
189 104 4 350 4
190 39 4 266 4
191 159 4 639 3
192 78 1 693 3
193 390 1 548 4
194 210 4 409 3
195 65 1 432 1
196 243 2 364 1
197 209 3 659 3
198 115 1 376 2
199 301 2 687 4
200 35 4 519 2
201 261 3 543 3
202 44 2 281 1
203 287 4 506 2
204 260 2 437 1
205 349 2 551 2
206 379 2 681 1
207 337 3 706 3
208 417 3 557 1
209 200 1 401 3
210 106 4 283 1
211 7 1 218 1
212 173 2 656 3
213 400 1 479 1
214 216 4 677 2
215 131 2 361 2
216 372 2 677 3
217 307 4 631 1
218 144 1 709 1
219 327 3 389 3
220 234 3 311 1
221 102 4 701 3
222 160 2 275 1
223 548 1 605 2
224 363 2 676 1
225 195 2 605 1
226 151 3 708 2
227 479 4 480 1
228 15 1 436 2
229 131 3 290 1
230 87 3 346 3
231 401 1 641 1
232 444 1 711 1
233 122 3 658 1
234 123 2 476 4
235 282 3 522 4
236 49 3 272 1
237 4 4 526 1
238 390 3 593 4
239 58 2 149 2
240 178 1 329 2
241 9 2 506 1
242 66 2 229 1
243 187 4 719 3
244 9 1 256 2
245 217 1 582 4
246 48 2 265 3
247 101 4 541 2
248 262 3 382 2
249 607 3 702 2
250 400 4 630 2
251 185 4 552 2
252 617 3 638 4
253 52 2 547 1
254 60 3 225 4
255 50 2 322 1
256 555 2 590 3
257 86 3 416 3
258 417 1 431 4
259 319 2 485 4
260 252 2 523 3
261 224 1 633 3
262 65 2 110 3
263 243 3 316 1
264 129 2 415 2
265 76 1 212 3
266 206 2 590 1
267 160 4 527 3
268 138 1 214 3
269 500 4 653 4
270 153 1 590 4
271 94 1 303 2
272 33 3 335 3
273 171 3 583 2
274 124 4 191 3
275 250 2 539 1
276 319 4 461 4
277 451 2 692 4
278 231 1 505 4
279 90 4 359 1
280 502 2 540 3
281 195 4 403 2
282 185 1 386 2
283 263 3 510 2
284 343 3 481 1
285 157 3 189 4
286 608 1 714 4
287 274 2 685 4
288 23 3 314 3
289 104 3 393 4
290 196 2 574 1
291 298 3 538 3
292 71 3 561 4
293 448 4 584 1
294 306 4 672 4
295 155 3 266 2
296 2 2 54 4
297 595 4 699 2
298 165 3 640 2
299 624 2 698 4
300 244 2 251 2
301 113 1 340 3
302 216 1 597 2
303 121 4 489 4
304 62 2 98 2
305 28 3 84 1
306 6 4 67 3
307 232 1 678 4
308 362 4 679 1
309 157 1 660 3
310 289 2 606 2
311 60 2 539 3
312 75 1 619 3
313 233 2 570 1
314 365 1 553 4
315 158 2 486 4
316 485 2 493 1
317 14 4 583 4
318 19 2 293 2
319 82 3 172 2
320 133 1 408 2
321 72 3 215 3
322 538 1 547 3
323 352 1 521 2
324 327 4 619 2
325 93 4 399 1
326 24 3 232 3
327 271 4 602 4
328 495 2 589 2
329 39 3 415 4
330 150 1 200 4
331 286 1 341 2
332 220 4 707 2
333 182 4 696 1
334 272 2 648 2
335 407 3 564 4
336 29 2 181 4
337 5 4 440 3
338 103 2 138 4
339 12 3 288 1
340 167 2 617 4
341 387 2 482 2
342 70 1 566 3
343 220 1 313 3
344 147 2 535 3
345 347 3 552 4
346 59 3 702 3
347 467 2 599 4
348 569 3 687 1
349 119 4 272 3
350 77 3 413 4
351 146 1 152 4
352 334 1 432 4
353 553 1 686 3
354 469 2 713 2
355 122 2 395 3
356 372 1 588 3
357 259 1 437 2
358 338 1 498 3
359 116 4 556 1
360 151 2 294 3
361 219 2 347 4
362 27 3 472 1
363 188 2 266 3
364 49 2 673 4
365 354 2 676 2
366 470 2 713 1
367 531 2 597 4
368 72 4 667 3
369 419 3 645 1
370 446 1 653 1
371 420 3 449 1
372 71 1 454 4
373 337 2 434 1
374 200 2 438 4
375 248 3 259 3
376 184 1 675 4
377 326 2 668 2
378 98 4 606 4
379 162 3 485 1
380 309 1 468 4
381 242 1 577 4
382 36 3 466 4
383 260 1 694 2
384 213 1 507 1
385 248 4 618 4
386 49 4 234 1
387 181 2 203 3
388 431 1 503 1
389 5 1 57 1
390 150 4 562 2
391 92 1 607 1
392 179 1 592 3
393 227 4 467 4
394 222 1 569 4
395 224 2 704 1
396 382 1 644 1
397 6 2 306 1
398 505 3 640 3
399 529 3 547 2
400 446 2 597 1
401 391 1 487 1
402 208 1 559 1
403 131 1 179 3
404 171 2 436 1
405 188 3 684 2
406 59 1 510 4
407 172 3 552 3
408 318 3 438 2
409 55 3 126 1
410 75 3 119 3
411 263 2 315 4
412 265 2 625 3
413 91 2 667 4
414 427 2 642 4
415 154 4 458 4
416 27 2 323 3
417 196 4 535 2
418 491 4 587 1
419 79 1 345 3
420 147 4 504 4
421 263 1 383 3
422 204 4 704 3
423 494 3 623 4
424 360 4 716 1
425 109 4 255 3
426 693 1 697 2
427 52 4 120 2
428 267 1 609 2
429 149 3 238 4
430 31 3 403 3
431 144 3 575 3
432 47 2 703 1
433 20 1 349 1
434 408 4 676 4
435 631 2 703 2
436 271 1 656 4
437 129 1 709 2
438 50 3 452 4
439 167 1 401 2
440 131 4 674 4
441 453 3 694 1
442 248 1 254 1
443 512 3 643 1
444 254 3 601 4
445 303 1 573 3
446 285 1 433 4
447 160 3 468 3
448 62 3 563 2
449 423 4 425 3
450 246 4 644 4
451 71 2 448 1
452 630 1 713 3
453 78 2 619 4
454 128 4 380 3
455 163 3 602 1
456 136 2 492 4
457 85 1 450 4
458 145 4 718 1
459 116 1 352 2
460 163 1 353 3
461 440 2 627 3
462 85 2 269 3
463 40 4 648 3
464 471 1 625 2
465 375 2 534 3
466 459 3 489 2
467 212 4 696 4
468 533 2 697 1
469 135 4 211 1
470 236 2 710 4
471 110 4 141 4
472 118 3 666 4
473 69 2 571 1
474 78 3 610 4
475 248 2 659 2
476 192 1 716 2
477 265 4 651 2
478 109 2 275 2
479 312 4 457 2
480 422 3 662 2
481 540 2 602 2
482 375 4 458 1
483 216 2 421 2
484 354 3 546 1
485 260 4 279 3
486 145 1 417 4
487 186 2 501 1
488 112 1 561 2
489 229 3 489 1
490 327 2 443 2
491 349 4 680 4
492 268 3 596 3
493 142 3 598 4
494 155 1 220 3
495 32 3 194 3
496 532 4 626 1
497 168 3 379 4
498 18 1 188 1
499 1 3 609 1
500 30 3 707 4
501 459 1 514 3
502 39 1 212 1
503 41 3 427 3
504 274 1 657 2
505 337 4 471 3
506 61 4 141 1
507 414 1 498 4
508 38 4 68 3
509 460 3 665 3
510 186 4 255 1
511 249 3 294 4
512 163 2 453 2
513 426 4 598 1
514 295 3 633 4
515 35 1 345 2
516 36 1 164 4
517 13 1 348 2
518 229 4 270 3
519 553 2 642 1
520 201 3 387 4
521 504 1 642 2
522 34 2 379 3
523 579 3 690 1
524 232 4 492 1
525 203 4 492 2
526 578 4 638 1
527 96 2 336 4
528 146 4 258 1
529 501 3 616 3
530 375 3 426 3
531 465 3 682 3
532 133 3 466 3
533 124 2 307 2
534 42 3 189 3
535 273 3 399 2
536 85 4 292 4
537 600 4 621 1
538 323 4 623 1
539 388 1 466 2
540 23 2 488 4
541 76 4 313 2
542 575 4 668 1
543 182 1 286 4
544 406 4 434 4
545 28 1 211 3
546 125 2 161 4
547 43 1 708 1
548 94 2 185 3
549 17 4 571 2
550 72 2 430 3
551 385 4 542 1
552 256 3 297 3
553 207 3 307 3
554 369 2 435 3
555 581 4 636 4
556 285 2 527 2
557 162 1 671 3
558 391 2 475 2
559 29 4 295 4
560 194 4 423 3
561 197 1 399 3
562 47 4 363 4
563 447 4 547 4
564 128 3 392 3
565 51 1 377 1
566 457 3 650 1
567 243 4 482 4
568 572 4 666 2
569 110 2 287 3
570 266 1 677 1
571 141 3 534 1
572 340 1 536 1
573 45 4 555 4
574 61 1 343 2
575 429 2 569 2
576 299 1 565 3
577 190 4 585 3
578 95 4 694 4
579 290 3 650 4
580 238 1 501 2
581 73 3 514 2
582 55 4 358 3
583 312 2 475 3
584 103 3 354 4
585 85 3 462 4
586 227 1 256 1
587 332 3 546 2
588 111 4 639 4
589 93 1 711 4
590 473 3 593 3
591 64 1 198 4
592 363 3 395 2
593 647 2 695 1
594 286 2 656 2
595 205 1 405 1
596 47 1 311 3
597 302 2 395 4
598 250 3 304 4
599 236 1 502 3
600 54 2 301 1
601 274 4 544 1
602 308 1 651 4
603 155 4 603 4
604 148 1 189 2
605 468 2 673 3
606 123 4 255 2
607 151 1 335 1
608 137 2 383 1
609 444 3 572 3
610 209 4 366 2
611 377 4 543 4
612 313 4 417 2
613 328 4 371 1
614 425 4 680 3
615 389 1 431 2
616 280 1 490 2
617 318 4 633 2
618 220 2 305 2
619 482 1 710 1
620 334 4 553 3
621 368 4 398 3
622 608 4 649 4
623 26 4 692 1
624 478 3 627 1
625 30 4 289 4
626 512 1 646 4
627 63 4 548 3
628 19 4 103 1
629 702 1 719 4
630 53 3 93 3
631 170 1 432 2
632 15 2 371 3
633 342 3 388 2
634 599 2 635 1
635 40 2 418 1
636 236 4 385 2
637 3 1 607 2
638 321 3 358 2
639 167 3 262 1
640 55 1 374 3
641 288 2 435 2
642 87 2 652 2
643 202 4 592 4
644 89 2 197 4
645 357 2 462 1
646 454 2 542 2
647 351 4 376 1
648 142 2 230 2
649 224 4 370 3
650 19 1 95 3
651 29 1 661 2
652 132 2 508 3
653 475 1 715 4
654 268 4 348 3
655 535 4 611 4
656 106 3 500 1
657 8 3 182 2
658 356 1 366 4
659 293 1 387 1
660 461 2 651 1
661 183 1 626 3
662 230 4 642 3
663 612 1 649 1
664 28 2 628 2
665 200 3 373 2
666 98 3 178 2
667 81 3 360 3
668 558 2 658 4
669 49 1 101 2
670 528 4 712 2
671 67 1 153 2
672 104 1 132 4
673 72 1 690 2
674 74 1 495 3
675 69 4 596 1
676 143 4 269 4
677 77 1 447 2
678 516 1 529 1
679 703 4 710 3
680 97 2 685 2
681 123 3 649 3
682 24 1 568 4
683 13 2 152 1
684 585 4 672 3
685 129 4 380 1
686 633 1 670 2
687 226 4 385 1
688 523 4 682 4
689 32 4 156 3
690 347 2 367 1
691 537 4 641 4
692 108 2 549 2
693 373 4 525 2
694 344 3 712 1
695 338 2 648 4
696 326 4 369 1
697 43 4 79 3
698 119 1 154 2
699 294 2 570 2
700 407 2 424 2
701 59 4 193 4
702 11 4 654 3
703 654 1 688 1
704 195 3 290 2
705 112 3 314 1
706 378 2 545 2
707 356 2 586 4
708 613 3 691 2
709 654 2 679 3
710 506 4 555 1
711 31 1 207 1
712 108 3 226 3
713 27 4 665 2
714 515 4 606 1
715 442 3 644 2
716 422 2 567 3
717 317 2 464 4
718 517 2 550 4
719 206 3 544 2
720 516 3 672 2
