1000
1000
1 472 1 870 4
2 406 4 465 1
3 318 3 477 2
4 246 2 593 4
5 46 1 958 1
6 400 2 437 4
7 76 2 373 3
8 385 3 546 1
9 78 3 486 4
10 324 3 436 2
11 54 1 104 4
12 77 3 604 2
13 363 4 405 2
14 632 1 977 4
15 288 1 512 3
16 382 2 545 2
17 9 2 847 1
18 411 3 788 1
19 121 2 415 1
20 4 2 460 1
21 78 2 491 3
22 538 4 985 1
23 530 1 567 1
24 644 3 923 3
25 103 4 335 1
26 156 4 167 4
27 244 2 527 1
28 648 3 825 1
29 248 1 608 4
30 153 2 200 1
31 134 1 717 2
32 249 3 504 2
33 544 3 663 3
34 547 4 712 3
35 210 4 789 4
36 38 3 194 4
37 327 4 692 3
38 338 2 811 4
39 336 1 914 3
40 590 4 760 2
41 158 3 286 2
42 5 3 834 1
43 263 1 569 4
44 917 3 959 1
45 116 3 816 4
46 199 2 533 2
47 337 4 447 4
48 124 3 881 2
49 198 3 924 2
50 408 2 516 2
51 641 4 713 1
52 127 4 690 1
53 333 2 588 4
54 553 1 756 2
55 312 3 502 2
56 346 1 659 4
57 179 1 685 4
58 752 3 948 1
59 669 1 835 4
60 739 4 906 1
61 192 2 872 4
62 209 3 360 1
63 483 3 639 1
64 177 4 836 3
65 494 4 693 1
66 207 1 331 4
67 108 4 333 4
68 421 4 754 1
69 696 3 974 1
70 198 1 509 2
71 58 2 944 4
72 120 3 696 2
73 93 2 955 2
74 86 2 452 3
75 324 2 782 1
76 141 1 277 3
77 3 4 532 4
78 711 4 797 3
79 205 3 839 2
80 258 2 489 4
81 499 3 910 3
82 366 1 920 3
83 61 4 663 4
84 172 1 981 3
85 346 4 442 1
86 113 3 290 3
87 321 1 499 2
88 74 1 679 4
89 363 2 525 3
90 144 3 765 1
91 129 4 936 4
92 284 3 556 3
93 132 3 995 2
94 353 1 970 4
95 228 1 698 3
96 681 2 839 3
97 686 3 742 1
98 87 4 673 2
99 127 3 873 4
100 465 2 714 1
101 193 4 626 2
102 480 4 556 2
103 238 4 244 4
104 174 3 699 4
105 505 1 730 1
106 65 4 82 2
107 264 4 563 1
108 11 1 878 1
109 50 2 849 3
110 558 2 755 3
111 299 2 350 4
112 111 2 529 1
113 474 1 743 4
114 72 1 938 3
115 265 1 544 4
116 24 3 563 4
117 801 4 908 2
118 268 2 695 1
119 729 1 975 2
120 765 2 792 3
121 961 4 971 1
122 181 4 971 4
123 231 2 848 2
124 405 3 908 3
125 601 4 792 1
126 344 3 527 4
127 879 4 941 3
128 787 1 911 4
129 267 2 742 2
130 569 1 804 3
131 403 2 596 1
132 162 3 644 4
133 308 4 615 4
134 523 2 661 3
135 734 2 801 2
136 592 2 868 3
137 335 2 412 2
138 678 4 944 3
139 27 1 234 1
140 654 2 905 4
141 347 4 919 2
142 1 3 895 3
143 578 3 680 1
144 404 1 929 3
145 222 3 864 3
146 20 3 172 2
147 447 3 972 3
148 403 1 842 1
149 176 2 652 1
150 683 3 814 2
151 928 2 942 1
152 4 3 595 2
153 266 2 833 1
154 77 4 269 1
155 46 3 251 3
156 166 3 813 4
157 657 3 829 2
158 50 4 830 2
159 189 2 521 1
160 780 2 975 1
161 297 1 509 3
162 138 1 839 4
163 578 4 911 3
164 401 2 813 1
165 261 2 342 2
166 183 2 530 2
167 359 2 886 2
168 348 1 493 1
169 137 1 513 3
170 393 4 965 2
171 223 1 258 1
172 103 1 866 1
173 645 2 795 3
174 572 2 585 3
175 150 1 420 4
176 410 3 484 1
177 311 3 850 1
178 56 1 417 2
179 401 1 997 2
180 91 4 478 1
181 349 1 453 2
182 555 2 700 2
183 214 1 286 4
184 719 2 946 3
185 81 2 391 4
186 188 4 517 4
187 252 2 545 3
188 13 4 856 3
189 392 3 561 3
190 419 1 656 4
191 51 4 503 2
192 144 4 230 4
193 597 2 980 3
194 133 4 913 2
195 348 4 430 1
196 409 3 410 4
197 105 1 272 1
198 649 3 899 3
199 155 1 536 2
200 901 2 927 4
201 319 2 715 4
202 671 3 854 3
203 821 3 903 3
204 84 2 801 1
205 587 4 838 1
206 567 4 826 2
207 620 2 717 1
208 629 2 871 2
209 219 2 841 1
210 146 3 337 3
211 441 3 760 1
212 178 2 939 4
213 332 2 647 1
214 47 1 578 1
215 53 2 336 3
216 160 1 239 1
217 762 1 825 4
218 124 2 521 3
219 52 2 517 3
220 751 1 827 4
221 389 1 544 1
222 167 3 829 3
223 194 3 391 1
224 6 4 136 4
225 426 2 844 3
226 421 3 782 4
227 560 2 835 1
228 548 1 845 2
229 83 2 796 1
230 645 1 795 2
231 148 4 646 3
232 196 2 255 1
233 191 1 804 1
234 482 3 898 1
235 327 1 414 2
236 196 4 323 2
237 882 3 922 4
238 119 1 767 1
239 646 1 844 4
240 190 3 793 4
241 578 2 869 2
242 241 1 920 2
243 152 3 651 3
244 89 2 98 1
245 626 1 889 2
246 386 2 429 1
247 79 3 867 4
248 326 1 493 3
249 369 1 736 2
250 291 1 689 2
251 706 1 895 2
252 57 1 222 4
253 808 2 905 3
254 541 2 621 4
255 811 2 837 2
256 422 2 502 3
257 662 2 767 3
258 7 1 422 1
259 400 4 510 2
260 398 4 577 3
261 541 4 565 2
262 532 2 867 1
263 145 4 900 3
264 690 2 922 1
265 246 3 816 3
266 239 2 325 4
267 224 1 673 3
268 665 2 990 3
269 84 4 822 3
270 169 2 935 2
271 476 1 852 3
272 119 3 371 2
273 560 4 887 3
274 513 4 703 1
275 218 1 894 3
276 220 4 413 4
277 630 4 753 1
278 383 2 854 1
279 23 2 931 3
280 290 2 779 1
281 141 4 159 4
282 612 4 771 2
283 71 1 945 4
284 490 4 719 1
285 622 2 700 3
286 123 2 795 4
287 390 3 963 2
288 278 3 564 1
289 209 2 525 2
290 586 2 745 1
291 223 3 430 2
292 601 1 823 3
293 296 2 982 3
294 637 3 829 4
295 529 3 962 1
296 408 1 994 4
297 296 4 599 4
298 405 4 914 2
299 623 3 874 3
300 105 2 669 2
301 94 1 796 2
302 371 3 502 1
303 858 3 978 3
304 461 4 681 1
305 495 2 662 3
306 481 4 711 3
307 24 1 888 4
308 705 3 710 4
309 272 4 706 4
310 115 3 146 2
311 307 4 329 2
312 162 2 814 4
313 419 2 995 4
314 366 2 403 4
315 435 2 803 2
316 98 4 984 2
317 571 2 764 2
318 233 1 740 3
319 258 3 309 2
320 31 3 369 3
321 197 2 736 1
322 79 2 557 1
323 281 4 529 4
324 702 2 858 2
325 588 3 604 1
326 152 1 598 4
327 77 1 260 3
328 446 2 849 2
329 60 2 419 3
330 555 1 739 3
331 11 4 480 3
332 90 1 593 2
333 36 3 122 2
334 67 3 134 3
335 174 1 517 1
336 140 3 202 4
337 153 4 325 1
338 54 4 342 1
339 199 4 601 3
340 48 1 130 4
341 46 4 278 2
342 343 2 466 3
343 205 2 253 1
344 974 3 996 2
345 139 2 173 2
346 568 2 853 1
347 15 3 992 3
348 427 3 858 1
349 432 1 481 2
350 699 2 887 4
351 479 1 933 4
352 32 3 64 3
353 364 1 404 3
354 324 4 436 3
355 298 2 940 1
356 42 4 431 4
357 692 2 952 2
358 269 2 815 2
359 350 3 657 1
360 759 3 975 4
361 6 1 181 2
362 540 4 747 2
363 96 1 102 4
364 35 1 913 3
365 432 2 488 2
366 164 4 527 3
367 211 3 433 1
368 341 4 709 2
369 85 4 840 3
370 58 4 903 2
371 488 1 932 3
372 205 4 823 2
373 29 2 237 2
374 47 2 417 4
375 164 1 236 1
376 30 1 366 3
377 220 1 713 3
378 495 3 707 2
379 232 4 747 3
380 233 4 443 3
381 107 2 239 4
382 297 3 835 3
383 872 3 919 4
384 18 1 948 2
385 157 3 613 4
386 146 1 392 4
387 192 4 894 1
388 113 1 606 3
389 225 1 907 2
390 977 3 994 2
391 308 3 812 1
392 317 2 379 1
393 271 2 534 3
394 428 1 521 2
395 99 2 907 4
396 80 2 666 2
397 179 4 280 2
398 186 3 548 2
399 390 1 772 2
400 396 2 954 2
401 592 4 987 3
402 173 4 939 3
403 599 2 952 4
404 689 1 940 3
405 104 1 783 2
406 19 3 71 3
407 502 4 896 4
408 25 1 115 2
409 386 1 955 3
410 568 3 819 3
411 184 1 595 4
412 508 2 966 2
413 526 4 698 4
414 125 1 682 3
415 28 4 149 1
416 337 1 885 1
417 57 4 722 1
418 786 4 956 3
419 115 4 158 2
420 700 1 774 2
421 667 1 773 1
422 66 3 150 2
423 738 4 968 4
424 9 4 634 1
425 141 2 563 3
426 187 1 755 2
427 31 1 783 1
428 3 1 423 1
429 620 1 713 4
430 42 2 150 4
431 249 2 601 2
432 113 4 217 1
433 184 2 304 1
434 440 3 465 3
435 187 2 969 3
436 137 4 160 3
437 167 1 831 1
438 596 2 656 1
439 116 1 891 2
440 637 2 742 3
441 283 3 402 4
442 472 3 652 3
443 638 3 958 2
444 122 4 622 1
445 11 3 17 2
446 566 1 935 3
447 262 3 861 1
448 612 1 639 3
449 475 3 559 3
450 143 2 475 4
451 779 3 840 4
452 105 3 305 2
453 507 2 562 4
454 608 1 948 3
455 354 4 618 4
456 883 3 987 2
457 831 3 917 4
458 248 4 616 4
459 520 2 558 1
460 116 4 695 2
461 83 1 840 1
462 182 1 799 1
463 382 1 393 3
464 708 3 744 1
465 439 1 625 3
466 247 4 694 2
467 503 1 863 3
468 549 3 645 4
469 384 3 484 4
470 34 3 78 1
471 680 4 876 1
472 149 4 215 3
473 857 2 893 1
474 572 4 600 2
475 716 3 959 2
476 289 2 307 1
477 536 1 863 4
478 365 4 666 1
479 327 2 543 1
480 356 4 448 4
481 583 2 751 2
482 505 3 850 4
483 49 1 789 2
484 98 3 494 1
485 229 2 400 1
486 564 4 783 3
487 197 4 519 4
488 733 3 814 1
489 334 1 368 1
490 334 3 881 4
491 143 1 533 3
492 73 4 205 1
493 490 1 727 3
494 628 3 680 3
495 519 2 647 3
496 153 3 190 1
497 501 1 763 4
498 478 2 579 4
499 214 2 302 2
500 12 4 656 2
501 580 1 805 3
502 35 3 476 3
503 276 1 552 2
504 318 4 776 1
505 751 4 982 1
506 562 3 906 2
507 285 2 909 3
508 40 4 168 3
509 692 1 832 3
510 649 2 699 3
511 737 2 822 1
512 212 4 376 4
513 866 4 960 1
514 371 1 935 4
515 230 1 497 3
516 190 4 781 4
517 251 1 949 2
518 148 3 768 1
519 571 1 812 4
520 420 2 519 1
521 728 1 926 1
522 900 2 962 2
523 135 4 978 1
524 201 2 635 2
525 106 1 354 3
526 660 4 799 3
527 749 2 822 2
528 384 4 785 2
529 345 1 777 4
530 126 2 375 3
531 192 1 961 2
532 209 1 349 3
533 843 2 887 2
534 240 4 549 4
535 436 4 900 4
536 380 3 915 1
537 298 1 748 1
538 279 3 594 1
539 96 4 166 1
540 169 1 481 3
541 684 1 970 3
542 375 4 462 3
543 574 2 993 4
544 219 1 794 3
545 335 3 414 1
546 611 3 907 1
547 779 4 806 3
548 387 3 801 3
549 34 1 777 2
550 361 2 594 3
551 21 1 21 4
552 142 2 570 3
553 223 2 396 3
554 17 1 64 4
555 282 4 462 2
556 428 2 559 4
557 38 4 428 3
558 322 2 465 4
559 106 4 655 1
560 49 3 214 4
561 279 1 675 4
562 103 2 589 2
563 167 2 570 2
564 537 1 591 1
565 546 4 718 1
566 672 4 848 3
567 434 2 936 3
568 453 1 628 2
569 589 4 590 3
570 402 2 904 1
571 483 4 732 2
572 374 2 968 2
573 678 1 778 4
574 221 3 896 3
575 17 3 764 3
576 88 1 984 4
577 43 2 174 4
578 1 2 956 2
579 119 4 542 4
580 602 3 825 3
581 647 2 837 4
582 667 4 872 2
583 549 2 802 2
584 27 2 884 2
585 53 1 211 4
586 378 4 975 3
587 69 3 362 3
588 150 3 331 3
589 374 4 800 3
590 916 3 976 2
591 412 4 445 4
592 39 2 883 1
593 720 3 904 3
594 312 1 494 2
595 170 2 868 1
596 118 1 871 3
597 66 2 148 1
598 723 3 726 1
599 158 4 258 4
600 255 4 297 2
601 243 4 275 4
602 51 2 185 2
603 636 4 833 2
604 764 4 841 2
605 22 1 766 4
606 166 4 754 4
607 97 2 607 4
608 35 4 960 4
609 310 3 382 4
610 194 2 271 3
611 171 2 537 4
612 21 2 986 2
613 632 2 710 3
614 108 1 363 1
615 102 1 865 4
616 222 1 716 1
617 240 2 640 4
618 33 1 84 1
619 417 3 576 3
620 57 2 747 1
621 27 3 367 3
622 172 3 579 2
623 745 2 773 2
624 404 4 457 3
625 147 3 202 2
626 88 4 509 4
627 374 3 841 4
628 381 4 556 4
629 21 3 257 3
630 685 2 967 2
631 431 2 715 2
632 669 3 885 4
633 322 3 838 3
634 197 1 599 3
635 163 4 287 4
636 719 3 879 3
637 67 4 767 4
638 928 3 952 3
639 97 1 771 1
640 270 2 967 3
641 774 1 901 3
642 340 1 376 1
643 765 4 875 4
644 32 1 314 2
645 92 1 198 4
646 516 4 815 3
647 819 1 925 3
648 534 4 695 4
649 450 3 770 4
650 332 1 907 3
651 239 3 514 2
652 330 4 399 2
653 447 1 614 4
654 553 4 638 1
655 74 4 263 3
656 28 1 524 3
657 565 3 742 4
658 259 3 558 4
659 430 3 627 1
660 361 4 918 1
661 31 4 79 4
662 553 3 993 3
663 155 3 368 3
664 117 1 254 4
665 441 1 925 1
666 373 4 477 1
667 85 1 525 1
668 427 1 605 3
669 346 2 593 3
670 674 2 849 1
671 512 2 986 4
672 967 4 996 3
673 10 3 224 4
674 551 1 566 3
675 126 3 365 1
676 138 3 613 1
677 89 1 805 1
678 250 2 511 2
679 862 3 998 2
680 193 1 981 4
681 396 1 542 3
682 508 1 619 1
683 208 1 863 1
684 92 3 455 2
685 37 1 954 1
686 540 3 630 1
687 58 3 61 3
688 316 4 921 3
689 809 2 1000 1
690 358 4 802 1
691 123 3 185 1
692 256 1 266 4
693 252 4 317 3
694 752 2 905 1
695 468 3 559 2
696 112 1 687 2
697 451 4 744 3
698 818 3 827 2
699 575 1 671 1
700 326 2 789 1
701 663 1 817 2
702 10 1 782 3
703 64 1 933 2
704 692 4 846 2
705 41 1 460 3
706 501 2 866 2
707 46 2 609 4
708 183 4 857 4
709 554 3 597 1
710 34 4 705 4
711 80 3 185 4
712 31 2 469 1
713 265 2 820 2
714 688 4 929 4
715 51 3 912 4
716 206 3 236 2
717 674 3 791 2
718 532 1 826 4
719 63 1 819 4
720 130 2 164 2
721 133 3 453 3
722 72 2 370 1
723 721 1 950 4
724 235 1 639 2
725 640 3 766 1
726 448 1 896 1
727 395 3 776 2
728 14 1 27 4
729 65 2 396 4
730 123 1 527 2
731 383 3 915 2
732 568 4 927 3
733 405 1 908 4
734 566 4 707 1
735 460 2 471 2
736 372 3 842 4
737 87 3 373 1
738 29 1 750 4
739 26 2 664 1
740 63 4 856 2
741 416 1 591 4
742 47 4 338 4
743 710 2 942 2
744 170 3 344 4
745 735 3 939 1
746 174 2 443 4
747 195 4 875 1
748 732 1 953 1
749 411 4 815 4
750 540 1 546 3
751 241 3 397 1
752 39 1 523 1
753 208 3 542 2
754 847 2 986 3
755 228 3 995 3
756 434 4 769 1
757 332 3 793 3
758 572 3 959 4
759 355 4 949 1
760 781 2 851 1
761 24 2 955 1
762 246 1 251 2
763 28 2 828 2
764 426 4 541 3
765 350 1 786 3
766 514 3 821 1
767 746 1 844 1
768 135 3 194 1
769 409 4 707 4
770 676 1 989 4
771 413 1 552 1
772 616 3 867 3
773 507 3 967 1
774 5 2 479 2
775 449 1 836 1
776 69 1 262 1
777 307 2 828 1
778 343 4 790 3
779 544 2 913 4
780 51 1 227 3
781 231 4 880 1
782 45 2 617 2
783 403 3 609 3
784 468 4 989 1
785 128 4 824 1
786 5 1 284 4
787 676 3 679 2
788 274 2 581 1
789 548 4 955 4
790 550 2 593 1
791 462 4 463 3
792 555 3 701 1
793 386 4 425 1
794 726 4 743 2
795 518 2 712 1
796 606 1 669 4
797 744 4 822 4
798 84 3 960 2
799 602 4 923 4
800 76 3 832 4
801 178 1 583 4
802 170 1 779 2
803 589 1 611 1
804 329 4 715 1
805 297 4 401 4
806 138 2 745 4
807 389 2 868 2
808 125 2 573 4
809 255 3 756 1
810 314 4 945 1
811 651 2 861 4
812 368 4 898 2
813 428 4 624 4
814 628 4 757 4
815 319 3 323 4
816 165 3 400 3
817 99 4 753 4
818 715 3 770 2
819 192 3 914 1
820 225 2 618 2
821 411 2 853 3
822 602 2 963 1
823 429 4 459 4
824 175 2 957 1
825 691 1 842 2
826 162 4 272 3
827 446 1 638 4
828 482 2 879 1
829 306 3 861 3
830 262 4 406 1
831 517 2 784 4
832 375 2 459 1
833 356 3 672 2
834 279 4 365 2
835 69 2 732 3
836 25 3 259 1
837 300 2 433 3
838 977 1 978 4
839 273 1 554 2
840 398 1 474 4
841 587 1 851 2
842 424 3 892 1
843 309 4 808 1
844 120 1 902 1
845 203 2 821 4
846 632 3 847 3
847 720 1 904 2
848 360 3 890 4
849 576 4 686 2
850 162 1 556 1
851 810 1 930 3
852 86 4 414 4
853 110 3 537 3
854 512 4 884 3
855 561 1 939 2
856 378 1 992 1
857 487 3 658 4
858 242 2 763 1
859 45 1 111 4
860 206 1 584 2
861 786 1 824 2
862 2 2 471 1
863 126 1 397 2
864 307 3 504 3
865 71 4 622 4
866 820 3 852 4
867 136 2 616 2
868 155 2 606 2
869 602 1 610 3
870 102 3 131 3
871 108 3 421 2
872 143 4 851 3
873 267 3 561 2
874 175 1 214 3
875 18 3 878 3
876 595 1 627 2
877 543 2 991 2
878 313 2 648 2
879 293 2 749 4
880 217 2 726 2
881 341 3 833 4
882 328 1 607 1
883 494 3 987 1
884 37 3 617 3
885 958 4 968 1
886 83 3 780 4
887 163 2 755 1
888 19 4 889 1
889 45 4 474 2
890 132 1 212 3
891 508 3 668 4
892 800 4 864 4
893 72 3 120 2
894 157 1 775 2
895 191 3 380 1
896 16 3 16 4
897 336 4 563 2
898 322 1 515 1
899 170 4 583 1
900 653 1 964 2
901 614 3 771 4
902 76 4 146 4
903 559 1 912 2
904 154 1 204 3
905 227 2 938 1
906 454 3 744 2
907 32 2 62 3
908 128 1 142 1
909 29 4 655 2
910 206 4 520 1
911 39 3 452 1
912 325 3 845 1
913 574 4 595 3
914 326 4 547 3
915 341 2 748 3
916 253 3 945 3
917 22 4 588 1
918 620 3 911 1
919 333 3 442 3
920 535 2 711 2
921 358 2 526 1
922 44 3 635 4
923 33 2 42 3
924 680 2 752 1
925 408 4 590 1
926 53 3 257 4
927 257 2 446 3
928 216 1 757 3
929 173 1 240 3
930 432 3 655 3
931 62 2 304 3
932 80 4 859 4
933 677 4 864 1
934 260 1 514 1
935 500 2 691 2
936 67 1 176 4
937 718 4 769 4
938 104 2 964 3
939 201 3 454 2
940 778 2 824 4
941 277 1 681 3
942 463 1 722 2
943 813 2 915 3
944 652 4 740 4
945 295 1 810 2
946 218 3 983 1
947 320 1 850 2
948 447 2 819 2
949 155 4 461 3
950 501 3 989 2
951 37 4 699 1
952 196 3 636 3
953 395 1 824 3
954 309 3 611 4
955 36 1 475 1
956 169 4 876 2
957 332 4 729 4
958 81 4 309 1
959 73 3 773 4
960 30 2 861 2
961 290 1 676 2
962 624 2 791 1
963 522 2 999 4
964 787 2 798 1
965 492 2 560 1
966 203 4 352 4
967 70 2 994 1
968 766 2 977 2
969 121 4 312 2
970 745 3 876 3
971 183 3 276 2
972 244 1 528 3
973 319 4 979 4
974 59 3 836 2
975 127 1 363 3
976 453 4 916 2
977 159 2 291 2
978 270 3 893 3
979 226 3 566 2
980 311 2 683 4
981 480 2 859 2
982 114 1 135 2
983 353 2 989 3
984 282 2 724 1
985 212 1 937 2
986 75 2 334 2
987 154 4 188 3
988 91 1 910 2
989 228 4 246 4
990 303 1 780 1
991 147 2 983 4
992 269 4 361 3
993 435 3 615 1
994 666 4 973 4
995 114 3 979 1
996 706 3 862 2
997 762 2 949 3
998 623 1 696 4
999 278 1 337 2
1000 231 1 253 4
